Введіть кількість шарів (глибина l): 5
Введіть кількість рядків (m): 5
Введіть кількість стовпців (n): 5
Шар 0:
[3, 0, 3, 0, 7]
[0, 5, 0, 0, 4]
[2, 3, 0, 0, 4]
[0, 7, 6, 0, 6]
[0, 4, 3, 2, 0]
----------
Шар 1:
[5, 4, 0, 7, 0]
[1, 4, 4, 3, 2]
[1, 0, 7, 4, 0]
[0, 7, 1, 0, 2]
[3, 6, 0, 0, 3]
----------
Шар 2:
[7, 0, 1, 4, 4]
[1, 0, 3, 5, 4]
[1, 1, 6, 5, 2]
[0, 4, 5, 1, 3]
[3, 1, 3, 1, 1]
----------
Шар 3:
[0, 1, 1, 0, 4]
[6, 3, 3, 4, 1]
[0, 0, 0, 0, 6]
[2, 7, 6, 2, 0]
[5, 0, 4, 0, 5]
----------
Шар 4:
[1, 0, 1, 0, 6]
[1, 7, 1, 3, 2]
[5, 4, 6, 3, 4]
[0, 0, 7, 5, 0]
[1, 5, 0, 3, 3]
----------

Найбільше золота у верхній половині шарів:
Кількість золота: 2
Вертикальний стовпець: рядок = 3 , стовпець = 1
